Experiment	Energy	Bin	Flux	Item	Error	ErrorStat	ErrorSyst	phi	Flux_min	Flux_max
AMS01BSPhotons	1.75E+00	-	6.68E-01	positron	1.32E+00	6.00E-01	7.20E-01	555	 	1.99E+00
AMS01BSPhotons	2.51E+00	-	5.85E-01	positron	5.26E-01	2.77E-01	2.49E-01	555	5.90E-02	1.11E+00
AMS01BSPhotons	3.76E+00	-	2.06E-01	positron	1.70E-01	8.23E-02	8.79E-02	555	3.60E-02	3.76E-01
AMS01BSPhotons	5.27E+00	-	1.24E-01	positron	8.91E-02	4.78E-02	4.13E-02	555	3.49E-02	2.13E-01
AMS01BSPhotons	7.43E+00	-	1.08E-02	positron	1.46E-02	7.38E-03	7.18E-03	555	 	2.54E-02
AMS01BSPhotons	1.19E+01	-	8.83E-03	positron	6.48E-03	3.53E-03	2.95E-03	555	2.35E-03	1.53E-02
AMS01BSPhotons	2.07E+01	-	2.14E-03	positron	2.49E-03	1.22E-03	1.27E-03	555	 	4.63E-03
AMS01BSPhotons	3.82E+01	-	1.17E-04	positron	3.70E-04	1.00E-04	2.70E-04	555	 	4.87E-04
AMS01ST	1.13E+00	-	3.37E+00	positron	1.48E+00	7.30E-01	7.45E-01	555	1.89E+00	4.85E+00
AMS01ST	1.39E+00	-	2.95E+00	positron	1.16E+00	5.88E-01	5.73E-01	555	1.79E+00	4.11E+00
AMS01ST	1.70E+00	-	1.85E+00	positron	6.13E-01	3.01E-01	3.12E-01	555	1.24E+00	2.46E+00
AMS01ST	2.08E+00	-	1.16E+00	positron	6.32E-01	3.10E-01	3.22E-01	555	5.28E-01	1.79E+00
AMS01ST	2.55E+00	-	8.72E-01	positron	7.74E-01	4.03E-01	3.71E-01	555	9.80E-02	1.65E+00
AMS02	5.70E-01	"[5.000e-1,6.500e-1]"	1.31E+00	positron	4.30E-01	2.00E-01	2.30E-01	0	8.80E-01	1.74E+00
AMS02	7.30E-01	"[6.500e-1,8.200e-1]"	2.32E+00	positron	3.50E-01	8.00E-02	2.70E-01	0	1.97E+00	2.67E+00
AMS02	9.10E-01	"[8.200e-1,1.010e+0]"	1.91E+00	positron	1.90E-01	4.00E-02	1.50E-01	0	1.72E+00	2.10E+00
AMS02	1.11E+00	"[1.010e+0,1.220e+0]"	1.55E+00	positron	1.20E-01	2.00E-02	1.00E-01	0	1.43E+00	1.67E+00
AMS02	1.33E+00	"[1.220e+0,1.460e+0]"	1.34E+00	positron	9.00E-02	1.00E-02	8.00E-02	0	1.25E+00	1.43E+00
AMS02	1.58E+00	"[1.460e+0,1.720e+0]"	1.06E+00	positron	6.00E-02	1.00E-02	5.00E-02	0	1.00E+00	1.12E+00
AMS02	1.85E+00	"[1.720e+0,2.000e+0]"	8.01E-01	positron	4.30E-02	5.00E-03	3.80E-02	0	7.58E-01	8.44E-01
AMS02	2.15E+00	"[2.000e+0,2.310e+0]"	6.19E-01	positron	3.20E-02	4.00E-03	2.80E-02	0	5.87E-01	6.51E-01
AMS02	2.47E+00	"[2.310e+0,2.650e+0]"	4.59E-01	positron	2.20E-02	3.00E-03	1.90E-02	0	4.37E-01	4.81E-01
AMS02	2.82E+00	"[2.650e+0,3.000e+0]"	3.43E-01	positron	1.60E-02	2.00E-03	1.40E-02	0	3.27E-01	3.59E-01
AMS02	3.17E+00	"[3.000e+0,3.360e+0]"	2.78E-01	positron	1.30E-02	2.00E-03	1.10E-02	0	2.65E-01	2.91E-01
AMS02	3.54E+00	"[3.360e+0,3.730e+0]"	2.12E-01	positron	9.00E-03	1.00E-03	8.00E-03	0	2.03E-01	2.21E-01
AMS02	3.92E+00	"[3.730e+0,4.120e+0]"	1.64E-01	positron	7.00E-03	1.00E-03	6.00E-03	0	1.57E-01	1.71E-01
AMS02	4.32E+00	"[4.120e+0,4.540e+0]"	1.28E-01	positron	5.00E-03	1.00E-03	4.00E-03	0	1.23E-01	1.33E-01
AMS02	4.76E+00	"[4.540e+0,5.000e+0]"	9.86E-02	positron	3.90E-03	7.00E-04	3.20E-03	0	9.47E-02	1.03E-01
AMS02	5.24E+00	"[5.000e+0,5.490e+0]"	7.76E-02	positron	2.90E-03	5.00E-04	2.40E-03	0	7.47E-02	8.05E-02
AMS02	5.74E+00	"[5.490e+0,6.000e+0]"	5.94E-02	positron	2.20E-03	4.00E-04	1.80E-03	0	5.72E-02	6.16E-02
AMS02	6.26E+00	"[6.000e+0,6.540e+0]"	4.69E-02	positron	1.80E-03	4.00E-04	1.40E-03	0	4.51E-02	4.87E-02
AMS02	6.81E+00	"[6.540e+0,7.100e+0]"	3.74E-02	positron	1.40E-03	3.00E-04	1.10E-03	0	3.60E-02	3.88E-02
AMS02	7.39E+00	"[7.100e+0,7.690e+0]"	2.94E-02	positron	1.10E-03	2.00E-04	9.00E-04	0	2.83E-02	3.05E-02
AMS02	7.99E+00	"[7.690e+0,8.300e+0]"	2.34E-02	positron	9.00E-04	2.00E-04	7.00E-04	0	2.25E-02	2.43E-02
AMS02	8.62E+00	"[8.300e+0,8.950e+0]"	1.91E-02	positron	7.00E-04	2.00E-04	5.00E-04	0	1.84E-02	1.98E-02
AMS02	9.28E+00	"[8.950e+0,9.620e+0]"	1.50E-02	positron	6.00E-04	2.00E-04	4.00E-04	0	1.44E-02	1.56E-02
AMS02	9.96E+00	"[9.620e+0,1.030e+1]"	1.25E-02	positron	5.00E-04	1.00E-04	4.00E-04	0	1.20E-02	1.30E-02
AMS02	1.07E+01	"[1.030e+1,1.100e+1]"	1.01E-02	positron	4.00E-04	1.00E-04	3.00E-04	0	9.70E-03	1.05E-02
AMS02	1.14E+01	"[1.100e+1,1.180e+1]"	8.30E-03	positron	3.10E-04	1.00E-04	2.10E-04	0	7.99E-03	8.61E-03
AMS02	1.22E+01	"[1.180e+1,1.260e+1]"	6.81E-03	positron	2.60E-04	9.00E-05	1.70E-04	0	6.55E-03	7.07E-03
AMS02	1.30E+01	"[1.260e+1,1.340e+1]"	5.76E-03	positron	2.20E-04	8.00E-05	1.40E-04	0	5.54E-03	5.98E-03
AMS02	1.38E+01	"[1.340e+1,1.420e+1]"	4.60E-03	positron	1.80E-04	7.00E-05	1.10E-04	0	4.42E-03	4.78E-03
AMS02	1.47E+01	"[1.420e+1,1.510e+1]"	3.84E-03	positron	1.50E-04	6.00E-05	9.00E-05	0	3.69E-03	3.99E-03
AMS02	1.56E+01	"[1.510e+1,1.610e+1]"	3.33E-03	positron	1.30E-04	5.00E-05	8.00E-05	0	3.20E-03	3.46E-03
AMS02	1.65E+01	"[1.610e+1,1.700e+1]"	2.81E-03	positron	1.20E-04	5.00E-05	7.00E-05	0	2.69E-03	2.93E-03
AMS02	1.75E+01	"[1.700e+1,1.800e+1]"	2.37E-03	positron	1.00E-04	4.00E-05	6.00E-05	0	2.27E-03	2.47E-03
AMS02	1.85E+01	"[1.800e+1,1.900e+1]"	2.01E-03	positron	9.00E-05	4.00E-05	5.00E-05	0	1.92E-03	2.10E-03
AMS02	1.95E+01	"[1.900e+1,2.000e+1]"	1.74E-03	positron	7.00E-05	3.00E-05	4.00E-05	0	1.67E-03	1.81E-03
AMS02	2.06E+01	"[2.000e+1,2.110e+1]"	1.44E-03	positron	7.00E-05	3.00E-05	4.00E-05	0	1.37E-03	1.51E-03
AMS02	2.17E+01	"[2.110e+1,2.220e+1]"	1.22E-03	positron	6.00E-05	3.00E-05	3.00E-05	0	1.16E-03	1.28E-03
AMS02	2.28E+01	"[2.220e+1,2.340e+1]"	1.05E-03	positron	5.00E-05	2.00E-05	3.00E-05	0	1.00E-03	1.10E-03
AMS02	2.40E+01	"[2.340e+1,2.460e+1]"	9.33E-04	positron	4.50E-05	2.20E-05	2.30E-05	0	8.88E-04	9.78E-04
AMS02	2.52E+01	"[2.460e+1,2.590e+1]"	7.88E-04	positron	3.90E-05	1.90E-05	2.00E-05	0	7.49E-04	8.27E-04
AMS02	2.66E+01	"[2.590e+1,2.720e+1]"	6.63E-04	positron	3.40E-05	1.70E-05	1.70E-05	0	6.29E-04	6.97E-04
AMS02	2.80E+01	"[2.720e+1,2.870e+1]"	5.94E-04	positron	3.10E-05	1.60E-05	1.50E-05	0	5.63E-04	6.25E-04
AMS02	2.94E+01	"[2.870e+1,3.020e+1]"	5.20E-04	positron	2.70E-05	1.40E-05	1.30E-05	0	4.93E-04	5.47E-04
AMS02	3.10E+01	"[3.020e+1,3.180e+1]"	4.33E-04	positron	2.30E-05	1.20E-05	1.10E-05	0	4.10E-04	4.56E-04
AMS02	3.27E+01	"[3.180e+1,3.350e+1]"	3.76E-04	positron	2.10E-05	1.10E-05	1.00E-05	0	3.55E-04	3.97E-04
AMS02	3.44E+01	"[3.350e+1,3.540e+1]"	3.20E-04	positron	1.80E-05	1.00E-05	8.00E-06	0	3.02E-04	3.38E-04
AMS02	3.63E+01	"[3.540e+1,3.730e+1]"	2.69E-04	positron	1.60E-05	9.00E-06	7.00E-06	0	2.53E-04	2.85E-04
AMS02	3.83E+01	"[3.730e+1,3.940e+1]"	2.43E-04	positron	1.50E-05	8.00E-06	7.00E-06	0	2.28E-04	2.58E-04
AMS02	4.05E+01	"[3.940e+1,4.160e+1]"	2.11E-04	positron	1.30E-05	7.00E-06	6.00E-06	0	1.98E-04	2.24E-04
AMS02	4.28E+01	"[4.160e+1,4.400e+1]"	1.70E-04	positron	1.10E-05	6.00E-06	5.00E-06	0	1.59E-04	1.81E-04
AMS02	4.53E+01	"[4.400e+1,4.660e+1]"	1.56E-04	positron	1.00E-05	6.00E-06	4.00E-06	0	1.46E-04	1.66E-04
AMS02	4.79E+01	"[4.660e+1,4.930e+1]"	1.22E-04	positron	8.00E-06	5.00E-06	3.00E-06	0	1.14E-04	1.30E-04
AMS02	5.08E+01	"[4.930e+1,5.230e+1]"	1.08E-04	positron	8.00E-06	5.00E-06	3.00E-06	0	1.00E-04	1.16E-04
AMS02	5.39E+01	"[5.230e+1,5.560e+1]"	9.37E-05	positron	6.90E-06	4.20E-06	2.70E-06	0	8.68E-05	1.01E-04
AMS02	5.73E+01	"[5.560e+1,5.910e+1]"	7.55E-05	positron	5.80E-06	3.60E-06	2.20E-06	0	6.97E-05	8.13E-05
AMS02	6.10E+01	"[5.910e+1,6.300e+1]"	6.53E-05	positron	5.10E-06	3.20E-06	1.90E-06	0	6.02E-05	7.04E-05
AMS02	6.51E+01	"[6.300e+1,6.730e+1]"	5.41E-05	positron	4.40E-06	2.80E-06	1.60E-06	0	4.97E-05	5.85E-05
AMS02	6.96E+01	"[6.730e+1,7.200e+1]"	4.78E-05	positron	3.90E-06	2.50E-06	1.40E-06	0	4.39E-05	5.17E-05
AMS02	7.46E+01	"[7.200e+1,7.740e+1]"	3.89E-05	positron	3.30E-06	2.10E-06	1.20E-06	0	3.56E-05	4.22E-05
AMS02	8.03E+01	"[7.740e+1,8.340e+1]"	2.88E-05	positron	2.60E-06	1.70E-06	9.00E-07	0	2.62E-05	3.14E-05
AMS02	8.67E+01	"[8.340e+1,9.020e+1]"	2.76E-05	positron	2.50E-06	1.60E-06	9.00E-07	0	2.51E-05	3.01E-05
AMS02	9.40E+01	"[9.020e+1,9.810e+1]"	2.08E-05	positron	2.00E-06	1.30E-06	7.00E-07	0	1.88E-05	2.28E-05
AMS02	1.03E+02	"[9.810e+1,1.070e+2]"	1.53E-05	positron	1.60E-06	1.00E-06	6.00E-07	0	1.37E-05	1.69E-05
AMS02	1.13E+02	"[1.070e+2,1.180e+2]"	1.15E-05	positron	1.20E-06	8.00E-07	4.00E-07	0	1.03E-05	1.27E-05
AMS02	1.25E+02	"[1.180e+2,1.320e+2]"	8.56E-06	positron	9.90E-07	6.60E-07	3.30E-07	0	7.57E-06	9.55E-06
AMS02	1.40E+02	"[1.320e+2,1.490e+2]"	6.21E-06	positron	7.80E-07	5.30E-07	2.50E-07	0	5.43E-06	6.99E-06
AMS02	1.59E+02	"[1.490e+2,1.700e+2]"	5.23E-06	positron	6.70E-07	4.50E-07	2.20E-07	0	4.56E-06	5.90E-06
AMS02	1.83E+02	"[1.700e+2,1.980e+2]"	3.19E-06	positron	4.60E-07	3.20E-07	1.40E-07	0	2.73E-06	3.65E-06
AMS02	2.16E+02	"[1.980e+2,2.370e+2]"	2.08E-06	positron	3.30E-07	2.30E-07	1.00E-07	0	1.75E-06	2.41E-06
AMS02	2.62E+02	"[2.370e+2,2.900e+2]"	1.21E-06	positron	2.40E-07	1.70E-07	7.00E-08	0	9.70E-07	1.45E-06
AMS02	3.27E+02	"[2.900e+2,3.700e+2]"	6.17E-07	positron	1.58E-07	1.20E-07	3.80E-08	0	4.59E-07	7.75E-07
AMS02	4.29E+02	"[3.700e+2,5.000e+2]"	2.47E-07	positron	9.50E-08	7.30E-08	2.20E-08	0	1.52E-07	3.42E-07
AMS01BSPhotons	1.75E+00	-	1.07E+01	electron	1.07E+01	5.43E+00	5.26	555	0.00E+00	2.14E+01
AMS01BSPhotons	2.50E+00	-	3.52E+00	electron	2.13E+00	1.05E+00	1.075	555	1.39E+00	5.65E+00
AMS01BSPhotons	3.74E+00	-	2.21E+00	electron	6.28E+00	5.79E+00	4.88E-01	555	 	8.49E+00
AMS01BSPhotons	5.25E+00	-	1.35E+00	electron	6.30E-01	2.93E-01	3.37E-01	555	7.20E-01	1.98E+00
AMS01BSPhotons	7.47E+00	-	4.17E-01	electron	1.64E-01	8.32E-02	8.11E-02	555	2.53E-01	5.81E-01
AMS01BSPhotons	1.18E+01	-	9.64E-02	electron	3.62E-02	1.75E-02	1.87E-02	555	6.02E-02	1.33E-01
AMS01BSPhotons	2.07E+01	-	1.14E-02	electron	6.35E-03	2.86E-03	3.49E-03	555	5.05E-03	1.78E-02
AMS01BSPhotons	3.82E+01	-	3.44E-03	electron	2.80E-03	1.33E-03	1.47E-03	555	6.40E-04	6.24E-03
AMS01ST	1.13E+00	-	2.33E+01	electron	7.59E+00	2.44E+00	5.15E+00	555	1.57E+01	3.09E+01
AMS01ST	1.39E+00	-	1.90E+01	electron	6.59E+00	2.38E+00	4.21E+00	555	1.24E+01	2.56E+01
AMS01ST	1.69E+00	-	1.46E+01	electron	4.47E+00	1.24E+00	3.23	555	1.01E+01	1.91E+01
AMS01ST	2.08E+00	-	1.07E+01	electron	3.41E+00	1.33E+00	2.08	555	7.29E+00	1.41E+01
AMS01ST	2.53E+00	-	7.83E+00	electron	2.34E+00	8.23E-01	1.52E+00	555	5.49E+00	1.02E+01
AMS01ST	3.12E+00	-	3.93E+00	electron	1.28E+00	4.14E-01	8.70E-01	555	2.65E+00	5.21E+00
AMS01ST	3.80E+00	-	2.82E+00	electron	8.44E-01	2.96E-01	5.48E-01	555	1.98E+00	3.66E+00
AMS01ST	4.68E+00	-	1.62E+00	electron	4.84E-01	1.70E-01	3.14E-01	555	1.14E+00	2.10E+00
AMS01ST	5.73E+00	-	9.71E-01	electron	3.24E-01	8.26E-02	2.41E-01	555	6.47E-01	1.30E+00
AMS01ST	7.02E+00	-	4.99E-01	electron	1.52E-01	4.23E-02	1.10E-01	555	3.47E-01	6.51E-01
AMS01ST	8.59E+00	-	2.86E-01	electron	9.34E-02	3.01E-02	6.33E-02	555	1.93E-01	3.79E-01
AMS01ST	1.05E+01	-	1.47E-01	electron	4.79E-02	1.54E-02	3.25E-02	555	9.91E-02	1.95E-01
AMS01ST	1.29E+01	-	7.22E-02	electron	2.36E-02	7.59E-03	1.60E-02	555	4.86E-02	9.58E-02
AMS01ST	1.58E+01	-	3.63E-02	electron	1.25E-02	4.52E-03	8.02E-03	555	2.38E-02	4.88E-02
AMS01ST	1.93E+01	-	1.59E-02	electron	4.89E-03	1.36E-03	3.53E-03	555	1.10E-02	2.08E-02
AMS01ST	2.38E+01	-	1.02E-02	electron	3.73E-03	1.47E-03	2.26E-03	555	6.47E-03	1.39E-02
AMS01ST	2.90E+01	-	4.91E-03	electron	2.34E-03	9.78E-04	1.36E-03	555	2.57E-03	7.25E-03
AMS01ST	3.57E+01	-	2.31E-03	electron	1.91E-03	9.23E-04	9.85E-04	555	4.00E-04	4.22E-03
AMS02	5.70E-01	"[5.000e-1,6.500e-1]"	1.47E+01	electron	1.90E+00	3.00E-01	1.60E+00	0	1.28E+01	1.66E+01
AMS02	7.30E-01	"[6.500e-1,8.200e-1]"	2.43E+01	electron	1.80E+00	2.00E-01	1.60E+00	0	2.25E+01	2.61E+01
AMS02	9.10E-01	"[8.200e-1,1.010e+0]"	2.08E+01	electron	1.50E+00	1.00E-01	1.40E+00	0	1.93E+01	2.23E+01
AMS02	1.11E+00	"[1.010e+0,1.220e+0]"	1.83E+01	electron	1.30E+00	1.00E-01	1.20E+00	0	1.70E+01	1.96E+01
AMS02	1.33E+00	"[1.220e+0,1.460e+0]"	1.64E+01	electron	9.00E-01	0.00E+00	9.00E-01	0	1.55E+01	1.73E+01
AMS02	1.58E+00	"[1.460e+0,1.720e+0]"	1.37E+01	electron	7.00E-01	0.00E+00	7.00E-01	0	1.30E+01	1.44E+01
AMS02	1.85E+00	"[1.720e+0,2.000e+0]"	1.11E+01	electron	5.00E-01	0.00E+00	5.00E-01	0	1.06E+01	1.16E+01
AMS02	2.15E+00	"[2.000e+0,2.310e+0]"	8.94E+00	electron	4.10E-01	1.00E-02	4.00E-01	0	8.53E+00	9.35E+00
AMS02	2.47E+00	"[2.310e+0,2.650e+0]"	7.10E+00	electron	3.10E-01	1.00E-02	3.00E-01	0	6.79E+00	7.41E+00
AMS02	2.82E+00	"[2.650e+0,3.000e+0]"	5.49E+00	electron	2.30E-01	1.00E-02	2.20E-01	0	5.26E+00	5.72E+00
AMS02	3.17E+00	"[3.000e+0,3.360e+0]"	4.61E+00	electron	1.80E-01	1.00E-02	1.70E-01	0	4.43E+00	4.79E+00
AMS02	3.54E+00	"[3.360e+0,3.730e+0]"	3.62E+00	electron	1.40E-01	1.00E-02	1.30E-01	0	3.48E+00	3.76E+00
AMS02	3.92E+00	"[3.730e+0,4.120e+0]"	2.87E+00	electron	1.00E-01	0.00E+00	1.00E-01	0	2.77E+00	2.97E+00
AMS02	4.32E+00	"[4.120e+0,4.540e+0]"	2.27E+00	electron	8.00E-02	0.00E+00	8.00E-02	0	2.19E+00	2.35E+00
AMS02	4.76E+00	"[4.540e+0,5.000e+0]"	1.80E+00	electron	6.00E-02	0.00E+00	6.00E-02	0	1.74E+00	1.86E+00
AMS02	5.24E+00	"[5.000e+0,5.490e+0]"	1.42E+00	electron	4.00E-02	0.00E+00	4.00E-02	0	1.38E+00	1.46E+00
AMS02	5.74E+00	"[5.490e+0,6.000e+0]"	1.11E+00	electron	3.00E-02	0.00E+00	3.00E-02	0	1.08E+00	1.14E+00
AMS02	6.26E+00	"[6.000e+0,6.540e+0]"	8.80E-01	electron	2.60E-02	1.00E-03	2.50E-02	0	8.54E-01	9.06E-01
AMS02	6.81E+00	"[6.540e+0,7.100e+0]"	6.95E-01	electron	2.10E-02	1.00E-03	2.00E-02	0	6.74E-01	7.16E-01
AMS02	7.39E+00	"[7.100e+0,7.690e+0]"	5.51E-01	electron	1.60E-02	1.00E-03	1.50E-02	0	5.35E-01	5.67E-01
AMS02	7.99E+00	"[7.690e+0,8.300e+0]"	4.36E-01	electron	1.30E-02	1.00E-03	1.20E-02	0	4.23E-01	4.49E-01
AMS02	8.62E+00	"[8.300e+0,8.950e+0]"	3.50E-01	electron	1.10E-02	1.00E-03	1.00E-02	0	3.39E-01	3.61E-01
AMS02	9.28E+00	"[8.950e+0,9.620e+0]"	2.78E-01	electron	9.00E-03	1.00E-03	8.00E-03	0	2.69E-01	2.87E-01
AMS02	9.96E+00	"[9.620e+0,1.030e+1]"	2.24E-01	electron	7.00E-03	1.00E-03	6.00E-03	0	2.17E-01	2.31E-01
AMS02	1.07E+01	"[1.030e+1,1.100e+1]"	1.79E-01	electron	4.00E-03	0.00E+00	4.00E-03	0	1.75E-01	1.83E-01
AMS02	1.14E+01	"[1.100e+1,1.180e+1]"	1.47E-01	electron	3.00E-03	0.00E+00	3.00E-03	0	1.44E-01	1.50E-01
AMS02	1.22E+01	"[1.180e+1,1.260e+1]"	1.19E-01	electron	3.00E-03	0.00E+00	3.00E-03	0	1.16E-01	1.22E-01
AMS02	1.30E+01	"[1.260e+1,1.340e+1]"	9.73E-02	electron	2.60E-03	3.00E-04	2.30E-03	0	9.47E-02	9.99E-02
AMS02	1.38E+01	"[1.340e+1,1.420e+1]"	7.97E-02	electron	2.20E-03	3.00E-04	1.90E-03	0	7.75E-02	8.19E-02
AMS02	1.47E+01	"[1.420e+1,1.510e+1]"	6.56E-02	electron	1.70E-03	2.00E-04	1.50E-03	0	6.39E-02	6.73E-02
AMS02	1.56E+01	"[1.510e+1,1.610e+1]"	5.39E-02	electron	1.50E-03	2.00E-04	1.30E-03	0	5.24E-02	5.54E-02
AMS02	1.65E+01	"[1.610e+1,1.700e+1]"	4.48E-02	electron	1.30E-03	2.00E-04	1.10E-03	0	4.35E-02	4.61E-02
AMS02	1.75E+01	"[1.700e+1,1.800e+1]"	3.71E-02	electron	1.10E-03	2.00E-04	9.00E-04	0	3.60E-02	3.82E-02
AMS02	1.85E+01	"[1.800e+1,1.900e+1]"	3.10E-02	electron	8.00E-04	1.00E-04	7.00E-04	0	3.02E-02	3.18E-02
AMS02	1.95E+01	"[1.900e+1,2.000e+1]"	2.59E-02	electron	7.00E-04	1.00E-04	6.00E-04	0	2.52E-02	2.66E-02
AMS02	2.06E+01	"[2.000e+1,2.110e+1]"	2.17E-02	electron	6.00E-04	1.00E-04	5.00E-04	0	2.11E-02	2.23E-02
AMS02	2.17E+01	"[2.110e+1,2.220e+1]"	1.82E-02	electron	5.00E-04	1.00E-04	4.00E-04	0	1.77E-02	1.87E-02
AMS02	2.28E+01	"[2.220e+1,2.340e+1]"	1.56E-02	electron	5.00E-04	1.00E-04	4.00E-04	0	1.51E-02	1.61E-02
AMS02	2.40E+01	"[2.340e+1,2.460e+1]"	1.31E-02	electron	4.00E-04	1.00E-04	3.00E-04	0	1.27E-02	1.35E-02
AMS02	2.52E+01	"[2.460e+1,2.590e+1]"	1.11E-02	electron	4.00E-04	1.00E-04	3.00E-04	0	1.07E-02	1.15E-02
AMS02	2.66E+01	"[2.590e+1,2.720e+1]"	9.42E-03	electron	2.90E-04	6.00E-05	2.30E-04	0	9.13E-03	9.71E-03
AMS02	2.80E+01	"[2.720e+1,2.870e+1]"	7.94E-03	electron	2.50E-04	5.00E-05	2.00E-04	0	7.69E-03	8.19E-03
AMS02	2.94E+01	"[2.870e+1,3.020e+1]"	6.74E-03	electron	2.20E-04	5.00E-05	1.70E-04	0	6.52E-03	6.96E-03
AMS02	3.10E+01	"[3.020e+1,3.180e+1]"	5.62E-03	electron	1.80E-04	4.00E-05	1.40E-04	0	5.44E-03	5.80E-03
AMS02	3.27E+01	"[3.180e+1,3.350e+1]"	4.73E-03	electron	1.60E-04	4.00E-05	1.20E-04	0	4.57E-03	4.89E-03
AMS02	3.44E+01	"[3.350e+1,3.540e+1]"	3.92E-03	electron	1.30E-04	3.00E-05	1.00E-04	0	3.79E-03	4.05E-03
AMS02	3.63E+01	"[3.540e+1,3.730e+1]"	3.37E-03	electron	1.20E-04	3.00E-05	9.00E-05	0	3.25E-03	3.49E-03
AMS02	3.83E+01	"[3.730e+1,3.940e+1]"	2.83E-03	electron	1.00E-04	3.00E-05	7.00E-05	0	2.73E-03	2.93E-03
AMS02	4.05E+01	"[3.940e+1,4.160e+1]"	2.34E-03	electron	8.00E-05	2.00E-05	6.00E-05	0	2.26E-03	2.42E-03
AMS02	4.28E+01	"[4.160e+1,4.400e+1]"	2.01E-03	electron	7.00E-05	2.00E-05	5.00E-05	0	1.94E-03	2.08E-03
AMS02	4.53E+01	"[4.400e+1,4.660e+1]"	1.63E-03	electron	6.00E-05	2.00E-05	4.00E-05	0	1.57E-03	1.69E-03
AMS02	4.79E+01	"[4.660e+1,4.930e+1]"	1.38E-03	electron	6.00E-05	2.00E-05	4.00E-05	0	1.32E-03	1.44E-03
AMS02	5.08E+01	"[4.930e+1,5.230e+1]"	1.14E-03	electron	4.00E-05	1.00E-05	3.00E-05	0	1.10E-03	1.18E-03
AMS02	5.39E+01	"[5.230e+1,5.560e+1]"	9.35E-04	electron	3.80E-05	1.20E-05	2.60E-05	0	8.97E-04	9.73E-04
AMS02	5.73E+01	"[5.560e+1,5.910e+1]"	7.61E-04	electron	3.10E-05	1.00E-05	2.10E-05	0	7.30E-04	7.92E-04
AMS02	6.10E+01	"[5.910e+1,6.300e+1]"	6.32E-04	electron	2.70E-05	9.00E-06	1.80E-05	0	6.05E-04	6.59E-04
AMS02	6.51E+01	"[6.300e+1,6.730e+1]"	5.05E-04	electron	2.20E-05	8.00E-06	1.40E-05	0	4.83E-04	5.27E-04
AMS02	6.96E+01	"[6.730e+1,7.200e+1]"	3.92E-04	electron	1.80E-05	7.00E-06	1.10E-05	0	3.74E-04	4.10E-04
AMS02	7.46E+01	"[7.200e+1,7.740e+1]"	3.26E-04	electron	1.60E-05	6.00E-06	1.00E-05	0	3.10E-04	3.42E-04
AMS02	8.03E+01	"[7.740e+1,8.340e+1]"	2.54E-04	electron	1.30E-05	5.00E-06	8.00E-06	0	2.41E-04	2.67E-04
AMS02	8.67E+01	"[8.340e+1,9.020e+1]"	2.03E-04	electron	1.00E-05	4.00E-06	6.00E-06	0	1.93E-04	2.13E-04
AMS02	9.40E+01	"[9.020e+1,9.810e+1]"	1.56E-04	electron	8.00E-06	3.00E-06	5.00E-06	0	1.48E-04	1.64E-04
AMS02	1.03E+02	"[9.810e+1,1.070e+2]"	1.23E-04	electron	7.00E-06	3.00E-06	4.00E-06	0	1.16E-04	1.30E-04
AMS02	1.13E+02	"[1.070e+2,1.180e+2]"	9.02E-05	electron	5.20E-06	2.10E-06	3.10E-06	0	8.50E-05	9.54E-05
AMS02	1.25E+02	"[1.180e+2,1.320e+2]"	6.59E-05	electron	3.90E-06	1.60E-06	2.30E-06	0	6.20E-05	6.98E-05
AMS02	1.40E+02	"[1.320e+2,1.490e+2]"	4.32E-05	electron	2.80E-06	1.20E-06	1.60E-06	0	4.04E-05	4.60E-05
AMS02	1.59E+02	"[1.490e+2,1.700e+2]"	3.02E-05	electron	2.00E-06	9.00E-07	1.10E-06	0	2.82E-05	3.22E-05
AMS02	1.83E+02	"[1.700e+2,1.980e+2]"	1.93E-05	electron	1.40E-06	7.00E-07	7.00E-07	0	1.79E-05	2.07E-05
AMS02	2.16E+02	"[1.980e+2,2.370e+2]"	1.11E-05	electron	9.00E-07	4.00E-07	5.00E-07	0	1.02E-05	1.20E-05
AMS02	2.62E+02	"[2.370e+2,2.900e+2]"	6.64E-06	electron	6.20E-07	3.10E-07	3.10E-07	0	6.02E-06	7.26E-06
AMS02	3.27E+02	"[2.900e+2,3.700e+2]"	3.15E-06	electron	3.80E-07	1.90E-07	1.90E-07	0	2.77E-06	3.53E-06
AMS02	4.29E+02	"[3.700e+2,5.000e+2]"	1.21E-06	electron	1.90E-07	1.00E-07	9.00E-08	0	1.02E-06	1.40E-06
AMS02	5.89E+02	"[5.000e+2,7.000e+2]"	4.53E-07	electron	1.34E-07	6.40E-08	7.00E-08	0	3.19E-07	5.87E-07
